"cartesian":
[
0,1335484.54584316,-4653037.9376884,4139331.98105418,
93.60663214893611,1335509.53110048,-4653018.09267666,4139346.13232191,
95.3518666688924,1335533.68948835,-4652997.79399382,4139361.054846,
97.09710055725736,1335556.9915735,-4652977.06637069,4139376.73044565,
98.84233379994839,1335579.4089659,-4652955.93506065,4139393.14002251,
100.58756638604427,1335600.91435342,-4652934.42580893,4139410.26358403,
102.33279830799074,1335621.48153503,-4652912.5648212,4139428.08026776,
104.07802956102933,1335641.08545279,-4652890.37873169,4139446.56836678,
105.82326014431783,1335659.70222232,-4652867.8945707,4139465.70535617,
107.56849005969525,1335677.30916195,-4652845.13973169,4139485.46792042,
109.31371931234753,1335693.88482034,-4652822.14193792,4139505.83198188,
111.05894791114406,1335709.40900257,-4652798.9292086,4139526.77273004,
112.80417586771182,1335723.86279481,-4652775.52982487,4139548.26465179,
114.54940319672824,1335737.22858734,-4652751.97229524,4139570.28156253,
116.29462991641412,1335749.49009599,-4652728.2853209,4139592.796638
]


"CartographicList":
[
-74.11582946777342,4.551441844272816, 2576,
-74.15531158447266,4.576082707601968, 2567,
-74.09900665283203,4.582927241533883, 2580,
-74.14020538330078,4.668820537964253, 2545,
-74.05334472656249,4.6831920997243985,2554,

-74.0639877319336,4.7502554688955385,2561
]
"cartesian":
[
0,1740889.20024146,-6117853.5442884,502958.262711136,
100,1736611.34840734,-6118834.43878458,505674.828519334,
200,1742610.51390502,-6117079.22581619,506430.63441923,
300,1737992.59651229,-6117559.95693862,515898.909373497,
400,1747231.6995314,-6114802.12792156,517484.221935842,
1745930.22694219,-6114546.67533336,524878.652712028
]